#longitude   latitude    City
-100.28	34.43	
-99.27	34.67	
-99.05	35.00	
-99.20	35.35	
-98.40	34.65	
-98.42	34.57	
-98.50	33.98	
-98.07	32.78	
-97.43	32.78	
-97.35	32.82	
-97.03	32.90	
-96.85	32.85	
-96.83	32.97	
-96.97	32.73	
-96.87	32.68	
-96.07	33.07	
-95.45	33.63	
-96.67	33.72	
-97.02	34.30	
-97.47	35.23	
-97.60	35.40	
-97.65	35.53	
-97.38	35.42	
-97.09	36.16	
-97.10	36.73	
-97.80	36.38	
-97.92	36.33	
-98.58	37.30	
-97.87	38.07	
-97.43	37.65	
-97.27	37.62	
-97.22	37.75	
-96.20	38.33	
-95.67	38.95	
-95.62	39.07	
-94.90	38.85	
-94.88	38.82	
-94.55	38.85	
-94.60	39.12	
-94.72	39.32	
-94.92	39.37	
-95.58	40.07	
-95.53	40.28	
-95.92	41.12	
-95.90	41.30	
-96.02	41.37	
-96.75	40.85	
-96.75	40.32	
-97.65	39.55	
-97.65	38.80	
-96.77	39.05	
-96.67	39.15	
-98.82	38.87	
-99.27	38.85	
-99.83	39.38	
-100.58	40.22	
-101.39	40.33	
-101.63	40.53	
-100.68	41.13	
-100.00	40.87	
-99.65	41.43	
-99.15	41.78	
-98.95	41.62	
-98.32	40.97	
-98.43	40.60	
-99.00	40.73	
-97.35	41.45	
-97.43	41.98	
-96.38	42.40	
-97.38	42.92	
-96.73	43.58	
-96.80	44.30	
-97.15	44.92	
-98.22	44.38	
-98.03	43.77	
-99.32	43.80	
-99.32	43.75	
-100.28	44.38	
-101.60	44.05	
-103.07	44.05	
-103.10	44.15	
-103.60	43.77	
-103.08	42.83	
-102.80	42.05	
-103.60	41.87	
-102.98	41.10	
-103.22	40.17	
-103.70	39.18	
-104.72	38.82	
-104.77	38.68	
-104.52	38.28	
-103.52	38.05	
-102.60	38.12	
-101.88	37.00	
-100.97	37.05	
-100.72	37.93	
-99.97	37.77	
-99.77	36.30	
-101.70	35.23	
-102.55	36.02	
-103.15	36.45	
-104.50	36.74	
-104.33	37.25	
-105.87	37.45	
-105.57	36.42	
-106.28	35.88	
-106.08	35.62	
-106.05	34.98	
-106.60	35.05	
-106.90	34.07	
-107.27	33.23	
-106.40	32.90	
-106.10	32.85	
-106.40	32.63	
-106.77	32.30	
-106.40	31.80	
-107.70	32.25	
-108.17	32.63	
-109.68	32.82	
-110.88	32.17	
-110.93	32.12	
-110.35	31.60	
-109.60	31.45	
-111.67	33.30	
-111.73	33.47	
-111.92	33.62	
-112.08	33.68	
-112.02	33.43	
-112.38	33.42	
-112.38	33.53	
-113.17	33.55	
-114.40	32.85	
-114.62	32.65	
-115.00	33.10	
-115.57	32.83	
-115.68	32.82	
-116.47	32.62	
-116.98	32.57	
-117.12	32.57	
-117.20	32.70	
-117.17	32.73	
-117.13	32.82	
-117.15	32.87	
-116.97	32.82	
-117.28	33.13	
-117.35	33.30	
-117.58	33.38	
-117.62	33.42	
-117.73	33.67	
-117.83	33.70	
-117.88	33.67	
-118.05	33.78	
-118.15	33.82	
-118.33	33.80	
-118.33	33.92	
-118.40	33.93	
-118.45	34.02	
-118.37	34.20	
-118.48	34.22	
-118.07	34.23	
-118.03	34.08	
-117.78	34.10	
-117.62	34.05	
-117.63	33.97	
-117.45	33.95	
-117.27	33.88	
-117.23	34.10	
-116.95	33.93	
-116.50	33.83	
-116.17	33.63	
-116.15	34.28	
-116.68	34.27	
-116.78	34.87	
-116.62	35.28	
-117.10	35.33	
-117.68	35.68	
-118.13	35.05	
-118.15	35.05	
-117.88	34.90	
-118.22	34.73	
-118.73	34.75	
-119.20	34.20	
-119.12	34.12	
-119.83	34.43	
-120.40	34.03	
-120.45	34.90	
-120.65	35.23	
-120.95	35.20	
-121.12	34.95	
-121.28	35.67	
-121.32	36.00	
-121.47	36.12	
-121.85	36.58	
-121.77	36.68	
-121.60	36.67	
-121.82	37.33	
-121.92	37.37	
-122.05	37.42	
-122.12	37.47	
-122.25	37.52	
-122.38	37.62	
-122.32	37.78	
-122.22	37.73	
-122.12	37.65	
-121.82	37.70	
-122.05	37.98	
-122.28	38.22	
-121.93	38.27	
-121.50	38.52	
-121.30	38.57	
-121.40	38.67	
-121.60	38.70	
-121.57	39.10	
-121.45	39.13	
-120.70	39.28	
-120.13	39.32	
-119.78	39.50	
-120.00	38.90	
-118.63	38.55	
-118.70	39.42	
-118.92	40.10	
-117.80	40.90	
-116.87	40.62	
-117.13	39.83	
-117.08	39.50	
-115.97	39.50	
-114.85	39.28	
-113.03	38.72	
-112.58	39.33	
-112.20	40.17	
-111.72	40.22	
-111.97	40.78	
-111.97	41.12	
-112.02	41.18	
-111.85	41.78	
-112.32	42.17	
-111.58	42.65	
-112.60	42.92	
-112.07	43.52	
-110.73	43.60	
-110.42	44.55	
-111.10	44.65	
-111.12	44.68	
-112.32	44.57	
-112.55	45.25	
-112.50	45.95	
-112.00	46.60	
-113.15	46.67	
-114.08	46.92	
-115.37	47.60	
-115.80	47.47	
-116.82	47.77	
-117.33	47.67	
-117.53	47.63	
-117.65	47.62	
-117.12	46.75	
-117.02	46.38	
-116.13	45.92	
-115.43	45.82	
-114.47	45.17	
-113.90	45.18	
-114.22	44.52	
-114.30	43.50	
-115.17	43.00	
-115.87	43.05	
-116.17	42.58	
-116.22	43.57	
-117.02	44.02	
-117.82	44.83	
-118.00	45.28	
-118.40	45.50	
-118.85	45.68	
-118.28	46.10	
-119.12	46.27	
-119.60	46.57	
-120.53	46.57	
-120.20	47.40	
-119.52	47.32	
-119.32	47.20	
-119.53	48.42	
-118.47	48.88	
-121.33	47.28	
-122.22	47.50	
-122.30	47.53	
-122.30	47.45	
-122.58	47.27	
-122.48	47.15	
-122.58	47.08	
-122.90	46.97	
-123.15	47.25	
-122.77	47.48	
-122.28	47.92	
-122.68	48.25	
-122.65	48.35	
-122.33	48.50	
-122.53	48.80	
-123.50	48.12	
-123.67	48.22	
-124.55	47.95	
-123.97	46.97	
-123.88	46.15	
-122.80	46.48	
-122.60	45.60	
-122.40	45.55	
-122.95	45.53	
-122.75	45.25	
-123.00	44.92	
-123.28	44.50	
-123.22	44.12	
-124.05	44.63	
-124.25	43.42	
-124.95	43.38	
-123.37	43.23	
-123.37	42.62	
-122.87	42.37	
-122.47	41.78	
-122.53	41.73	
-122.32	41.32	
-122.30	40.50	
-122.25	40.15	
-121.85	39.78	
-120.95	40.63	
-120.53	41.48	
-120.35	42.18	
-121.73	42.15	
-124.23	41.78	
-124.47	42.08	
-124.28	41.33	
-124.10	40.98	
-124.07	40.03	
-124.22	39.58	
-123.20	39.13	
-122.82	38.52	
-122.83	37.83	
-122.68	37.75	
-121.25	37.90	
-120.95	37.63	
-120.57	37.38	
-120.52	37.28	
-119.72	36.77	
-119.95	36.33	
-119.40	36.32	
-119.05	35.43	
-120.63	35.67	
-118.92	37.63	
-118.60	37.60	
-117.08	38.07	
-116.08	37.58	
-116.02	36.62	
-115.67	36.57	
-115.57	36.53	
-115.03	36.23	
-115.17	36.08	
-113.95	35.27	
-114.62	34.77	
-114.72	33.62	
-112.43	34.65	
-111.67	35.13	
-110.73	35.02	
-111.33	34.23	
-110.00	34.27	
-108.78	35.52	
-107.90	35.17	
-106.95	36.02	
-108.23	36.75	
-107.75	37.15	
-108.63	37.30	
-109.78	38.03	
-109.75	38.77	
-110.15	39.00	
-110.72	38.37	
-110.70	37.50	
-111.45	36.93	
-112.15	35.95	
-113.60	37.08	
-113.10	37.70	
-114.52	37.62	
-112.93	40.20	
-113.07	41.05	
-114.05	41.22	
-113.37	42.30	
-113.77	42.53	
-114.48	42.48	
-116.25	41.33	
-115.78	40.83	
-118.95	43.60	
-121.15	44.27	
-121.15	45.62	
-121.88	45.68	
-116.10	44.88	
-111.15	45.78	
-110.43	45.70	
-109.83	46.43	
-109.45	47.05	
-111.18	47.50	
-111.37	47.48	
-112.37	48.60	
-114.27	48.30	
-109.77	48.55	
-106.62	48.22	
-105.58	48.10	
-104.18	47.72	
-103.63	48.18	
-101.83	47.75	
-101.28	48.27	
-101.35	48.42	
-98.90	48.12	
-98.87	48.10	
-97.40	47.97	
-97.18	47.95	
-96.18	48.07	
-94.93	47.50	
-95.07	46.90	
-95.88	46.82	
-96.07	46.30	
-95.38	45.87	
-94.52	45.13	
-94.07	45.55	
-93.38	45.07	
-93.22	44.88	
-93.05	44.93	
-93.47	44.83	
-93.92	44.22	
-93.37	43.68	
-93.33	43.15	
-94.18	42.55	
-95.15	43.17	
-94.75	43.40	
-94.42	43.65	
-95.58	43.65	
-95.82	44.45	
-95.08	44.55	
-92.50	43.92	
-91.25	43.87	
-90.27	43.93	
-90.18	43.20	
-89.33	43.13	
-89.03	42.62	
-89.10	42.20	
-88.72	41.93	
-88.32	41.77	
-88.25	41.92	
-87.90	41.98	
-87.82	42.08	
-87.65	41.90	
-87.62	41.87	
-87.75	41.78	
-87.42	41.62	
-87.85	41.07	
-88.68	41.37	
-89.60	41.16	
-89.68	40.67	
-88.93	40.48	
-88.87	39.83	
-89.33	39.53	
-89.67	39.85	
-89.17	38.99	
-88.96	38.63	
-89.09	38.51	
-88.86	38.32	
-89.00	37.75	
-89.25	37.78	
-89.58	37.23	
-89.22	37.07	
-88.77	37.07	
-87.50	36.67	
-87.42	36.62	
-86.68	36.12	
-86.50	36.00	
-86.43	36.97	
-87.17	37.75	
-87.53	38.05	
-85.97	37.90	
-85.73	38.18	
-85.67	38.23	
-85.00	38.05	
-84.67	39.05	
-84.43	39.10	
-84.05	39.83	
-84.20	39.90	
-83.07	40.08	
-82.88	40.00	
-82.93	39.82	
-81.90	39.95	
-81.43	39.35	
-82.23	39.21	
-82.55	38.37	
-81.60	38.37	
-81.12	37.78	
-81.22	37.30	
-80.20	37.46	
-79.97	37.32	
-79.20	37.33	
-78.98	36.95	
-79.33	36.57	
-79.95	36.08	
-80.23	36.13	
-81.38	35.75	
-80.93	35.22	
-81.96	34.92	
-82.22	34.90	
-82.35	34.85	
-82.72	34.50	
-83.32	33.95	
-84.30	33.88	
-84.52	33.92	
-84.52	33.78	
-84.42	33.65	
-85.07	33.01	
-85.44	32.67	
-84.93	32.52	
-85.00	32.33	
-86.02	31.87	
-86.40	32.30	
-86.37	32.38	
-86.99	32.34	
-87.25	32.90	
-87.62	33.23	
-86.75	33.57	
-86.09	33.97	
-85.85	33.58	
-85.17	34.35	
-84.87	34.53	
-85.20	35.03	
-85.51	35.15	
-85.08	35.95	
-83.98	35.82	
-82.82	35.90	
-82.55	35.43	
-82.40	36.48	
-82.52	37.48	
-83.32	37.60	
-84.07	37.08	
-86.62	39.13	
-86.50	39.38	
-86.27	39.73	
-87.30	39.45	
-88.28	39.48	
-88.28	40.03	
-87.60	40.20	
-86.93	40.42	
-86.15	40.65	
-85.38	40.23	
-85.20	41.00	
-86.00	41.72	
-86.32	41.70	
-86.43	42.13	
-85.55	42.23	
-85.23	42.30	
-84.47	42.27	
-84.60	42.77	
-83.75	42.97	
-83.42	42.67	
-83.02	42.42	
-82.83	42.62	
-83.33	42.23	
-83.53	42.23	
-83.75	42.22	
-83.80	41.60	
-83.67	41.02	
-82.52	40.82	
-81.87	41.42	
-81.68	41.52	
-81.48	41.57	
-81.40	41.63	
-80.67	41.27	
-80.33	40.75	
-80.22	40.50	
-79.93	40.35	
-79.40	40.28	
-79.09	40.27	
-78.83	40.32	
-78.32	40.30	
-77.83	40.85	
-77.42	40.37	
-76.85	40.22	
-76.77	40.20	
-76.57	40.43	
-76.30	40.13	
-75.97	40.38	
-75.43	40.65	
-75.15	40.20	
-75.02	40.08	
-74.82	40.28	
-74.60	40.02	
-74.35	40.03	
-74.28	40.28	
-74.17	40.70	
-74.37	40.75	
-74.42	40.80	
-74.28	40.87	
-74.05	40.85	
-73.98	40.77	
-73.90	40.77	
-73.78	40.65	
-73.43	40.73	
-73.10	40.78	
-72.63	40.85	
-72.67	41.22	
-72.88	41.27	
-72.90	41.27	
-73.13	41.17	
-73.48	41.37	
-73.72	41.07	
-74.10	41.50	
-73.88	41.63	
-74.80	41.70	
-75.73	41.33	
-76.92	41.25	
-76.90	42.17	
-76.47	42.48	
-75.98	42.22	
-76.12	43.12	
-75.40	43.23	
-75.38	43.15	
-75.12	42.87	
-73.93	42.85	
-73.80	42.75	
-73.62	43.35	
-73.95	43.53	
-74.20	44.38	
-73.47	44.65	
-73.15	44.47	
-72.57	44.20	
-72.02	44.42	
-71.30	44.27	
-71.38	44.00	
-71.43	43.57	
-71.50	43.20	
-71.43	42.93	
-71.52	42.78	
-71.60	42.57	
-71.28	42.47	
-71.03	42.37	
-71.18	42.18	
-70.93	42.15	
-70.92	42.58	
-71.12	42.72	
-70.82	43.08	
-70.32	43.65	
-69.93	43.88	
-69.80	44.32	
-69.12	44.07	
-68.37	44.45	
-68.82	44.80	
-69.55	45.45	
-69.63	45.78	
-70.88	44.88	
-71.18	44.58	
-72.30	43.63	
-72.27	42.90	
-72.00	42.80	
-71.87	42.27	
-72.53	42.20	
-72.72	42.17	
-72.68	41.93	
-72.65	41.73	
-72.05	41.33	
-72.08	41.30	
-71.58	41.17	
-71.25	41.36	
-71.42	41.60	
-71.43	41.73	
-70.97	41.68	
-70.52	41.65	
-70.50	41.78	
-70.28	41.67	
-69.97	41.67	
-70.07	41.25	
-70.62	41.40	
-73.18	42.26	
-72.88	42.88	
-75.73	44.05	
-76.02	44.00	
-75.40	44.68	
-74.85	44.93	
-72.33	45.55	
-68.05	46.68	
-68.02	46.87	
-67.88	46.95	
-67.78	46.13	
-77.67	43.12	
-78.20	42.97	
-78.73	42.93	
-78.95	43.10	
-79.25	42.15	
-78.63	41.80	
-78.13	41.47	
-78.90	41.18	
-79.87	41.38	
-80.18	42.08	
-81.43	40.92	
-80.65	40.18	
-79.92	39.65	
-80.23	39.28	
-79.85	38.88	
-79.82	37.95	
-80.40	37.87	
-78.85	38.27	
-78.45	38.13	
-77.30	38.50	
-77.18	38.72	
-77.04	38.85	
-76.87	38.82	
-76.77	39.08	
-76.67	39.18	
-76.42	39.33	
-76.17	39.47	
-75.60	39.67	
-75.25	39.88	
-75.07	39.37	
-75.47	39.13	
-75.13	38.55	
-75.50	38.33	
-75.48	37.85	
-76.20	37.50	
-76.50	37.13	
-76.62	37.13	
-76.37	37.08	
-76.28	36.93	
-76.20	36.90	
-76.03	36.82	
-76.18	36.27	
-76.50	36.13	
-75.68	35.92	
-75.55	35.27	
-75.50	35.25	
-76.88	34.90	
-77.05	35.08	
-77.43	34.70	
-77.62	34.82	
-77.63	35.32	
-77.97	35.33	
-77.88	35.85	
-78.78	35.87	
-79.02	35.17	
-78.93	35.13	
-78.88	35.00	
-79.39	35.24	
-79.50	35.03	
-79.72	34.18	
-80.47	33.97	
-80.80	33.92	
-81.12	33.95	
-81.97	33.37	
-80.72	32.48	
-81.20	32.13	
-81.15	32.02	
-81.57	31.88	
-81.38	31.15	
-81.70	30.50	
-81.52	30.33	
-81.42	30.40	
-81.68	30.23	
-81.88	30.22	
-82.27	29.68	
-83.10	29.62	
-83.28	30.78	
-83.20	30.97	
-82.40	31.25	
-82.52	31.53	
-84.18	31.53	
-85.18	30.84	
-85.45	31.32	
-85.72	31.28	
-86.52	30.78	
-86.52	30.65	
-86.53	30.48	
-86.68	30.43	
-87.02	30.72	
-87.20	30.47	
-87.32	30.35	
-88.07	30.63	
-88.25	30.68	
-88.92	30.42	
-89.07	30.40	
-89.82	30.35	
-90.03	30.03	
-90.25	29.98	
-90.02	29.83	
-89.67	29.55	
-90.07	29.18	
-90.65	29.57	
-91.10	29.70	
-91.20	29.70	
-91.88	30.03	
-92.00	30.20	
-92.12	29.73	
-93.30	29.78	
-93.22	30.12	
-94.02	30.58	
-93.20	31.05	
-92.95	31.22	
-92.55	31.33	
-92.30	31.38	
-91.25	31.62	
-90.47	31.18	
-91.15	30.53	
-89.33	31.47	
-89.17	31.67	
-88.75	32.33	
-88.57	32.55	
-88.58	33.45	
-88.45	33.65	
-88.77	34.27	
-89.54	34.39	
-90.00	35.05	
-89.87	35.35	
-89.95	35.97	
-89.40	36.02	
-88.92	35.60	
-87.62	34.75	
-86.77	34.65	
-90.08	33.50	
-90.98	33.48	
-91.93	34.17	
-92.25	34.83	
-92.15	34.92	
-92.38	35.22	
-93.10	34.48	
-92.40	33.52	
-92.80	33.22	
-92.05	32.52	
-93.67	32.50	
-93.75	32.52	
-93.82	32.47	
-94.72	32.38	
-95.40	32.37	
-94.75	31.23	
-95.55	30.07	
-95.35	29.97	
-95.28	29.65	
-95.17	29.62	
-94.87	29.27	
-94.40	28.13	
-93.75	28.22	
-91.98	28.30	
-91.78	28.47	
-89.05	28.78	
-85.68	30.20	
-85.58	30.07	
-85.03	29.73	
-84.37	30.38	
-83.60	32.63	
-83.65	32.70	
-80.03	32.90	
-78.93	33.68	
-78.72	33.82	
-77.92	34.27	
-77.33	37.50	
-76.40	38.28	
-77.46	38.95	
-77.98	39.40	
-77.72	39.70	
-77.43	39.73	
-74.57	39.45	
-82.53	43.83	
-83.40	44.45	
-83.57	45.07	
-84.80	45.57	
-84.47	46.25	
-84.37	46.47	
-85.92	45.92	
-87.08	45.73	
-87.40	46.35	
-87.95	46.88	
-88.50	47.17	
-87.85	47.47	
-88.12	45.82	
-87.63	45.12	
-88.13	44.48	
-88.52	44.25	
-88.53	44.22	
-88.57	44.00	
-87.67	44.13	
-86.25	44.27	
-85.58	44.73	
-84.68	44.37	
-84.08	43.53	
-85.52	42.88	
-85.95	43.07	
-86.25	43.17	
-87.90	42.95	
-88.05	43.12	
-89.67	41.74	
-90.52	41.45	
-90.43	40.93	
-90.66	40.52	
-91.12	40.78	
-91.20	39.93	
-92.55	40.10	
-93.72	40.25	
-93.93	40.62	
-93.65	41.53	
-92.45	41.10	
-91.70	41.88	
-92.40	42.55	
-90.70	42.40	
-89.67	44.78	
-89.62	44.92	
-89.45	45.63	
-90.13	46.53	
-90.83	47.58	
-91.82	47.90	
-92.85	47.38	
-93.52	47.22	
-94.32	46.60	
-94.13	46.40	
-92.18	46.83	
-91.72	45.48	
-91.48	44.87	
-93.38	48.57	
-95.35	48.93	
-96.80	46.90	
-97.15	46.10	
-98.43	45.45	
-100.43	45.53	
-100.75	46.77	
-102.17	45.93	
-102.80	46.78	
-104.80	47.13	
-105.87	46.43	
-105.67	45.67	
-106.97	44.77	
-107.97	43.97	
-109.02	44.52	
-108.53	45.80	
-106.93	47.33	
-105.53	44.35	
-104.81	44.35	
-103.32	45.16	
-105.38	42.75	
-106.47	42.92	
-107.20	41.80	
-105.68	41.32	
-104.82	41.15	
-105.08	40.58	
-105.02	40.45	
-104.63	40.43	
-105.12	39.90	
-104.87	39.75	
-104.75	39.72	
-104.83	39.57	
-105.35	39.52	
-105.50	39.57	
-105.87	40.00	
-106.30	39.25	
-106.87	39.22	
-106.92	39.65	
-107.80	39.53	
-108.53	39.12	
-107.88	38.50	
-106.93	38.55	
-106.92	38.55	
-106.05	38.53	
-106.82	40.48	
-107.53	40.50	
-109.52	40.45	
-110.63	40.50	
-111.00	41.33	
-110.10	42.57	
-108.73	42.82	
-108.45	43.05	
-109.07	41.60	
-110.75	39.62	
-105.15	35.65	
-103.60	35.18	
-103.32	34.38	
-102.05	33.60	
-101.82	33.65	
-101.71	34.17	
-101.48	32.39	
-101.45	32.30	
-102.18	31.95	
-103.20	31.78	
-103.20	32.68	
-104.27	32.33	
-104.80	31.83	
-104.53	33.30	
-105.68	34.10	
-104.02	30.37	
-102.42	30.17	
-100.92	29.37	
-100.78	29.37	
-99.17	29.35	
-98.58	29.38	
-98.47	29.33	
-98.47	29.53	
-98.28	29.53	
-99.08	29.98	
-99.77	30.50	
-100.50	31.37	
-99.85	32.43	
-99.68	32.42	
-98.96	31.79	
-98.18	32.22	
-97.22	31.62	
-97.42	31.15	
-97.68	31.08	
-97.72	31.15	
-97.83	31.07	
-97.70	30.30	
-97.68	30.20	
-96.37	30.58	
-96.92	28.85	
-96.25	28.72	
-95.87	28.03	
-97.03	28.08	
-97.28	27.70	
-97.50	27.77	
-97.82	27.50	
-98.03	27.73	
-97.67	28.37	
-99.22	28.45	
-99.47	27.53	
-98.23	26.18	
-97.67	26.23	
-97.43	25.90	
-94.00	33.45	
-94.62	34.68	
-94.37	35.33	
-94.17	36.00	
-94.13	36.18	
-93.15	36.27	
-93.38	37.23	
-92.42	37.22	
-91.90	36.88	
-92.13	37.75	
-91.77	38.13	
-92.17	38.60	
-92.22	38.82	
-93.55	38.73	
-94.35	37.33	
-94.50	37.17	
-95.48	37.67	
-96.00	36.75	
-95.90	36.20	
-95.36	35.66	
-95.78	34.88	
-90.93	36.13	
-90.65	35.83	
-90.47	36.77	
-90.15	38.57	
-89.85	38.55	
-90.05	38.88	
-90.37	38.75	
-90.63	38.65	
-90.08	32.32	
-82.68	27.92	
-82.60	27.97	
-82.53	27.97	
-82.52	27.85	
-82.77	27.60	
-82.55	27.40	
-81.95	28.03	
-81.55	28.08	
-81.32	28.43	
-81.33	28.55	
-81.25	28.78	
-81.05	29.18	
-81.57	29.12	
-80.80	28.52	
-80.68	28.62	
-80.55	28.47	
-80.60	28.23	
-80.63	28.10	
-80.42	27.65	
-80.12	26.68	
-80.13	26.13	
-80.15	26.07	
-80.28	25.92	
-80.28	25.82	
-80.43	25.65	
-80.38	25.48	
-81.80	26.13	
-81.87	26.58	
-81.87	26.65	
-81.68	24.57	
-81.75	24.55	
-101.70	39.37	
-101.05	42.05	
-100.55	42.87	
-99.98	42.58	
-98.68	42.47	
-98.68	46.92	
-117.38	34.58	
-117.97	33.87	
-118.58	33.02	
-119.45	33.25	
-131.57	55.03	
-131.70	55.35	
-133.25	55.80	
-134.22	56.00	
-134.65	56.25	
-133.95	56.97	
-134.03	57.45	
-134.97	57.83	
-135.45	58.10	
-134.90	58.25	
-134.58	58.37	
-135.73	58.42	
-136.35	58.20	
-137.05	58.33	
-135.43	59.23	
-135.37	59.62	
-135.53	59.75	
-139.67	59.52	
-142.92	61.43	
-143.92	62.73	
-145.50	63.03	
-145.45	62.15	
-146.67	62.03	
-147.30	61.90	
-149.03	61.63	
-149.08	61.60	
-150.05	61.75	
-149.85	61.22	
-150.02	61.17	
-148.72	60.78	
-149.75	60.18	
-151.25	60.57	
-152.30	60.82	
-154.30	60.20	
-154.92	59.75	
-156.65	58.68	
-158.52	59.05	
-158.62	56.95	
-160.50	55.33	
-162.72	55.20	
-166.53	53.88	
-169.42	53.58	
-173.30	53.50	
-174.13	53.20	
-176.65	51.88	
-170.22	57.15	
-166.27	60.37	
-163.30	62.07	
-161.80	60.78	
-159.53	61.58	
-155.62	62.97	
-154.47	62.85	
-153.25	62.17	
-152.08	61.98	
-151.20	61.97	
-150.10	62.30	
-149.83	62.88	
-148.95	63.38	
-149.00	63.83	
-149.08	64.55	
-147.87	64.82	
-150.65	65.00	
-152.10	65.17	
-149.83	65.93	
-150.65	66.82	
-151.52	66.92	
-148.48	67.50	
-149.48	68.48	
-152.13	69.37	
-149.88	70.50	
-148.47	70.20	
-148.33	70.25	
-143.63	70.13	
-153.23	70.92	
-156.78	71.30	
-159.85	70.62	
-162.92	69.82	
-162.63	66.87	
-166.03	66.27	
-168.08	66.03	
-166.87	65.25	
-165.43	64.50	
-160.80	63.88	
-157.85	67.10	
-152.27	63.90	
-145.73	64.00	
-144.07	65.83	
-145.27	66.57	
-141.15	64.77	
-141.93	62.97	
-146.25	61.13	
-146.35	61.13	
-145.50	60.50	
-145.00	60.33	
-147.08	60.38	
-146.33	59.43	
-151.50	59.63	
-152.50	57.75	
-154.20	56.88	
-135.35	57.07	
-132.97	56.82	
-132.37	56.48	
-171.73	63.77	
-166.47	24.45	
-160.30	22.05	
-159.67	22.38	
-159.35	21.98	
-158.28	21.75	
-158.12	21.53	
-157.93	21.35	
-157.10	21.15	
-156.83	20.97	
-156.95	20.80	
-156.43	20.90	
-156.47	20.42	
-156.12	20.00	
-156.05	19.75	
-155.07	19.72	
